0.123456791
0.333333373
1.07288361E-06
2.89678574E-05
0.000782132149
0.021117568
0.570174336
0.394707084
0.65709126
0.741464
0.0195285082
0.5272697
0.236282468
0.379626632
0.249919057
0.747814536
0.190992475
0.156796813
0.233513951
0.3048767
0.2316705
0.255103469
0.88779366
0.9704288
0.201578259
0.442613
0.950551152
0.6648811
0.95179
0.6983293
0.8548919
0.0820812
0.216192365
0.837193847
0.604233861
0.314314246
0.486484647
0.135085464
0.6473075
0.4773029
0.88717854
0.9538206
0.7531558
0.335207343
0.0505982637
0.366153121
0.886134267
0.9256252
0.991880536
0.7807745
0.0809108
0.184591651
0.9839746
0.567313552
0.3174659
0.571579337
0.4326421
0.681336761
0.396092534
0.6944984
0.751457334
0.289348
0.812396169
0.934696555
0.236806989
0.3937887
0.6322948
0.0719589
0.9428903
0.458037734
0.367018819
0.9095081
0.556718946
0.03141153
0.8481113
0.89900434
0.273117185
0.374164
0.1024276
0.765545249
0.6697217
0.08248651
0.227135777
0.132665992
0.5819818
0.713508
0.264716268
0.147339225
0.97815907
0.4102949
0.07796204
0.104975104
0.8343278
0.526851058
0.224978566
0.07442129
0.009374738
0.253117919
0.8341838
0.5229629
0.119999051
0.23997438
0.479308248
0.9413227
0.415712476
0.224236846
0.05439484
0.4686607
0.653839231
0.6536592
0.648799062
0.517574668
0.974516034
0.311932921
0.422188878
0.3990997
0.7756921
0.943686843
0.479544759
0.9477085
0.588129163
0.8794874
0.7461597
0.146311164
0.9504014
0.6608385
0.8426391
0.7512554
0.2838956
0.6651815
0.959901
0.917326331
0.767810941
0.7308954
0.7341758
0.822746634
0.214159131
0.782296538
0.122006536
0.294176459
0.9427644
0.454638839
0.275248647
0.431713462
0.6562635
0.7191137
0.4160701
0.2338928
0.315105557
0.507850051
0.7119514
0.222687125
0.0125523806
0.338914275
0.15068543
0.0685066
0.849678159
0.9413103
0.415377736
0.215198874
0.8103696
0.8799795
0.759446263
0.5050491
0.636325955
0.1808008
0.8816215
0.80377996
0.7020589
0.9555906
0.800946355
0.6255516
0.8898927
0.027102828
0.731776357
0.757961631
0.464964032
0.554028869
0.958779454
0.887045264
0.950222135
0.655997634
0.7119361
0.222275138
0.00142872334
0.03857553
0.04153931
0.121561408
0.282158017
0.618266463
0.6931945
0.716251731
0.338796735
0.14751184
0.9828197
0.536131263
0.4755441
0.839690566
0.6716453
0.13442266
0.6294118
0.994119048
0.8412143
0.7127861
0.245224118
0.6210512
0.7683822
0.7463192
0.150617719
0.0666784048
0.80031693
0.6085571
0.431041837
0.6381296
0.229498982
0.196472526
0.3047582
0.22847116
0.168721318
0.5554756
0.997841
0.941707
0.4260894
0.504413962
0.619177
0.717778563
0.3800212
0.2605728
0.03546536
0.9575647
0.8542472
0.0646747351
0.746217847
0.147881866
0.992810369
0.805879951
0.758758664
0.486483932
0.135066152
0.6467861
0.46322453
0.5070623
0.69068253
0.6484283
0.507564664
0.7042459
0.0146399736
0.3952793
0.6725408
0.158601165
0.28223145
0.620249152
0.7467271
0.161631942
0.364062428
0.829685569
0.401510358
0.840779662
0.7010509
0.9283737
0.06608975
0.784423232
0.179427266
0.8445362
0.802477
0.666879058
0.005734563
0.1548332
0.180496335
0.873401046
0.581828237
0.7093624
0.152784467
0.1251806
0.379876256
0.2566589
0.9297906
0.104346633
0.8173591
0.068695426
0.8547765
0.0789655447
0.1320697
0.5658821
0.278816342
0.528041244
0.257113576
0.94206655
0.435796857
0.766515136
0.695908666
0.789534
0.317417264
0.5702661
0.397185445
0.724007
0.5481893
0.8011106
0.6299869
0.00964582
0.260437131
0.0318025351
0.858668447
0.184048057
0.9692975
0.171033263
0.6178981
0.6832489
0.4477197
0.088431716
0.387656331
0.466720939
0.601465344
0.2395643
0.4682361
0.6423744
0.3441087
0.29093492
0.855242848
0.09155691
0.472036481
0.744985
0.114594579
0.0940536261
0.5394479
0.5650934
0.257521749
0.9530872
0.7333547
0.800576568
0.6155673
0.6203178
0.748581052
0.2116884
0.7155868
0.3208431
0.6627637
0.8946203
0.154748082
0.178198218
0.8113519
0.9065012
0.4755317
0.8393558
0.6626073
0.8903974
0.0407305956
0.09972608
0.6926042
0.700313
0.908450246
0.528156638
0.26022923
0.026189208
0.7071086
0.0919326544
0.482181668
0.0189050436
0.5104362
0.7817768
0.107973218
0.9152769
0.7124759
0.236849189
0.3949281
0.663058639
0.902583241
0.369747519
0.983183
0.5459417
0.7404262
0.991506934
0.7706872
0.808555
0.8309852
0.4366001
0.7882024
0.281464934
0.5995532
0.18793714
0.07430279
0.006175399
0.166735768
0.501865745
0.5503751
0.8601278
0.22345078
0.0331710577
0.895618558
0.181701064
0.905928731
0.460075736
0.422044873
0.395211577
0.6707126
0.109239936
0.949478269
0.635913253
0.169657826
0.5807613
0.680555463
0.3749975
0.124932408
0.373175025
0.0757256746
0.044593215
0.2040168
0.5084537
0.7282506
0.6627668
0.894704
0.157007575
0.239204526
0.4585222
0.380099416
0.262684226
0.0924741
0.49680078
0.413621068
0.167768836
0.5297586
0.30348146
0.19399941
0.237984061
0.425569654
0.490380645
0.24027741
0.487490058
0.162231565
0.380252242
0.266810536
0.203884482
0.504881
0.631787658
0.05826676
0.5732025
0.476467252
0.8646158
0.344626546
0.304916739
0.232751966
0.284303069
0.676182866
0.256937385
0.9373094
0.307353377
0.2985412
0.0606120825
0.6365262
0.186208129
0.0276194811
0.745726
0.134601712
0.63424623
0.124648213
0.365501761
0.868547559
0.4507841
0.171170354
0.621599555
0.783188
0.1460756
0.9440414
0.489117026
0.206159711
0.5663122
0.290429235
0.841589332
0.722911954
0.518622756
0.00281441212
0.07598913
0.0517064333
0.3960737
0.6939899
0.737726569
0.918617368
0.8026689
0.6720611
0.145649314
0.9325315
0.178349853
0.815446
0.0170425177
0.460147977
0.423995376
0.447875142
0.09262884
0.5009786
0.5264219
0.213391423
0.7615684
0.562347531
0.183383346
0.951350331
0.686458945
0.5343915
0.4285711
0.571419835
0.428335547
0.5650598
0.2566141
0.9285804
0.07167089
0.935114
0.2480787
0.698125
0.8493751
0.9331285
0.194468856
0.2506591
0.7677959
0.73048985
0.723225951
0.5271007
0.231718421
0.256397367
0.9227289
0.9136802
0.6693653
0.0728627443
0.9672941
0.116940618
0.157396674
0.2497102
0.74217546
0.0387374163
0.04591024
0.239576459
0.4685644
0.651238561
0.583441138
0.752910733
0.3285898
0.8719245
0.541962
0.632974744
0.0903180838
0.438588262
0.841883063
0.7308427
0.732753158
0.784335256
0.1770519
0.780401349
0.0708364248
0.9125835
0.6397537
0.273349881
0.3804468
0.272063375
0.3457111
0.334200025
0.0234006643
0.631817937
0.0590842962
0.595276
0.07245195
0.9562026
0.8174709
0.07171452
0.936292052
0.2798854
0.5569061
0.03646481
0.9845499
0.582846761
0.73686254
0.8952886
0.172791839
0.665379643
0.9652504
0.0617600679
0.667521834
0.0230895281
0.623417258
0.832266
0.471181273
0.7218944
0.491148353
0.261005521
0.0471490622
0.273024678
0.3716663
0.03499043
0.9447416
0.5080234
0.7166313
0.349044919
0.4242128
0.453745961
0.251140952
0.7808057
0.08175409
0.207360387
0.598730445
0.165722013
0.474494338
0.8113471
0.9063724
0.472055554
0.745499969
0.12849915
0.469477057
0.675880551
0.248774886
0.7169219
0.356892
0.6360837
0.1742605
0.7050334
0.03590238
0.9693643
0.172835708
0.6665641
0.9972309
0.92523396
0.9813169
0.495556951
0.380037665
0.261016965
0.0474580526
0.281367421
0.5969204
0.116850019
0.1549505
0.183663487
0.958914161
0.89068234
0.04842317
0.307425618
0.3004917
0.113275647
0.0584424734
0.5779468
0.6045631
0.32320416
0.7265123
0.615832448
0.6274761
0.9418546
0.4300741
0.6120006
0.5240158
0.148426175
0.007506728
0.202681661
0.472404838
0.7549306
0.383126616
0.344418645
0.2993034
0.0811921358
0.192187667
0.189067
0.104809165
0.829847455
0.4058813
0.9587947
0.887457252
0.9613458
0.9563364
0.821082234
0.169220328
0.568948865
0.361619353
0.763722539
0.620508552
0.7537309
0.3507341
0.4698211
0.6851696
0.4995786
0.488622069
0.192795873
0.205488563
0.5481912
0.8011621
0.631377339
0.0471881628
0.2740804
0.400170684
0.804608464
0.724428535
0.559570432
0.108401656
0.9268447
0.0248073339
0.669798
0.08454645
0.282754064
0.6343597
0.127712369
0.448233962
0.102316976
0.762558341
0.5890752
0.9050306
0.435826421
0.767313361
0.717460752
0.3714403
0.0288878679
0.779972434
0.05925572
0.5999044
0.197419286
0.330320716
0.9186593
0.8038019
0.702651143
0.971580863
0.2326833
0.282449126
0.6261264
0.905413032
0.446151853
0.04610002
0.244700551
0.6069149
0.3867017
0.440945983
0.905541539
0.449621558
0.139782071
0.7741159
0.901129842
0.330505729
0.9236547
0.938676238
0.344258428
0.294977546
0.964393735
0.0386308432
0.0430327654
0.161884665
0.370885968
0.0139211416
0.375870824
0.148512244
0.009830594
0.26542604
0.166503072
0.495582938
0.380739331
0.279961944
0.5589725
0.0922569
0.4909364
0.25528276
0.8926345
0.1011318
0.7305585
0.7250799
0.57715714
0.5832428
0.7475549
0.183982253
0.967520833
0.123062491
0.322687268
0.712556243
0.239018559
0.4535011
0.244529843
0.60230577
0.2622558
0.08090627
0.184469342
0.98067224
0.4781505
0.910063148
0.571705
0.43603456
0.7729331
0.8691944
0.4682485
0.642709136
0.353146672
0.534960151
0.443924069
0.9859499
0.6206466
0.7574581
0.451368451
0.18694818
0.0476008654
0.285223365
0.70103085
0.927832961
0.05148995
0.390228629
0.536173
0.476670623
0.8701068
0.49288404
0.307869077
0.312465072
0.436556935
0.787037253
0.250005841
0.7501577
0.254258275
0.8649734
0.3542825
0.565627456
0.2719413
0.3424152
0.245210767
0.6206907
0.758649
0.483522773
0.0551148653
0.488101363
0.1787368
0.82589376
0.2991315
0.07655084
0.066872716
0.805563331
0.7502099
0.255668044
0.9030372
0.382004142
0.314111829
0.481019378
0.9875232
0.663126349
0.904411435
0.419108748
0.3159362
0.5302776
0.317495465
0.572377563
0.4541942
0.263243079
0.107563138
0.9042047
0.4135276
0.165245414
0.461626172
0.463906646
0.525479436
0.18794477
0.0745087862
0.0117372274
0.316905141
0.5564388
0.0238477
0.6438879
0.3849727
0.394262671
0.6450921
0.4174875
0.272162557
0.34838903
0.4065038
0.9756025
0.3412677
0.214228034
0.7841569
0.1722368
0.6503936
0.560627341
0.136938214
0.6973318
0.8279582
0.3548721
0.5815469
0.7017664
0.947692037
0.587685
0.8674947
0.422356963
0.403638
0.898226142
0.252105832
0.806857467
0.7851516
0.199093223
0.375517
0.138959289
0.7519008
0.3013214
0.135677457
0.663291335
0.908866048
0.5393833
0.5633489
0.210420012
0.681340337
0.3961891
0.6971055
0.8218492
0.189929128
0.128086448
0.4583341
0.375020385
0.125550389
0.3898605
0.5262338
0.208312392
0.6244346
0.859733939
0.212816358
0.746041656
0.1431247
0.8643669
0.337906
0.123462081
0.3334762
0.00385701656
0.104139447
0.8117651
0.917657
0.7767395
0.9719659
0.243079543
0.563147664
0.20498693
0.5346471
0.4354719
0.7577411
0.459009528
0.39325726
0.617946
0.6845428
0.482654929
0.0316830873
0.855443358
0.09697068
0.6182083
0.6916238
0.6738428
0.193755269
0.231392264
0.247591138
0.6849607
0.493939519
0.336367
0.0819093
0.21155107
0.7118789
0.220730186
0.959715
0.912305236
0.632241368
0.0705169439
0.9039575
0.406852126
0.9850074
0.595199943
0.07039845
0.900758147
0.320469975
0.652689338
0.6226121
0.8105272
0.884234548
0.8743328
0.6069852
0.3886007
0.4922191
0.289915442
0.827716947
0.348357558
0.405654073
0.952659965
0.721819043
0.489114165
0.206082463
0.5642265
0.23411572
0.321124434
0.670359731
0.09971273
0.6922437
0.6905798
0.645653844
0.432653785
0.6816522
0.404609084
0.9244453
0.96002233
0.9206029
0.8562788
0.119526982
0.227228522
0.1351701
0.649592757
0.539004445
0.55312
0.93424046
0.224492431
0.06129563
0.654982
0.6845132
0.4818567
0.0101310015
0.27353704
